353
310
352
310
351
315
348
319
347
318
345
317
347
316
345
316
346
317
346
316
350
312
347
311
349
311
351
311
352
311
353
308
353
308
353
306
352
307
351
304
347
308
345
308
343
311
343
312
343
313
345
312
342
313
342
314
340
317
339
320
341
320
344
321
341
325
337
331
340
333
337
335
339
333
334
338
336
338
337
341
334
340
334
338
334
341
334
340
333
343
333
344
331
348
329
353
328
352
327
352
328
353
328
354
328
356
325
357
322
360
321
360
323
358
322
360
320
363
319
367
317
368
318
369
317
369
315
368
314
368
315
366
314
367
317
367
317
368
314
371
315
371
313
371
313
371
311
371
312
373
312
375
313
373
309
375
304
377
307
379
309
382
308
384
308
385
306
384
306
384
305
386
301
387
300
387
296
391
295
396
301
391
301
393
297
395
299
395
298
397
297
399
296
399
297
397
297
399
293
402
293
402
290
405
289
407
287
412
287
410
288
411
284
415
283
416
284
414
281
416
281
419
281
421
281
422
279
423
279
423
283
424
283
425
282
422
282
421
282
421
284
417
283
418
283
417
283
414
285
416
289
414
288
416
289
416
289
417
290
417
286
416
287
416
285
417
286
412
286
412
283
414
285
413
286
413
287
414
289
415
292
414
293
415
294
420
294
419
289
426
291
424
288
426
289
426
292
425
291
424
292
426
292
425
288
427
289
429
286
432
287
435
285
438
286
437
285
441
285
442
284
444
283
448
282
449
285
451
285
452
286
456
287
454
290
453
289
452
288
454
283
461
281
463
281
465
278
467
278
472
275
474
274
474
272
472
275
471
279
474
276
478
277
478
276
481
278
480
275
482
273
487
270
490
270
489
267
495
269
496
270
497
269
498
269
500
269
503
267
506
262
510
261
513
257
515
255
518
256
519
