700
200
699
199
695
202
689
206
689
205
686
203
688
202
684
206
683
206
680
205
680
204
677
203
671
207
668
209
668
210
663
212
660
216
659
215
652
219
647
225
643
227
639
228
636
228
634
230
634
226
631
227
630
225
628
227
629
227
627
227
625
229
621
229
621
229
616
231
608
239
604
240
603
239
604
240
602
240
599
244
598
245
597
247
594
249
589
248
586
249
586
248
584
251
584
252
580
253
580
254
576
257
573
259
572
260
573
258
574
257
573
258
568
262
567
266
566
266
563
268
557
272
552
275
547
277
545
280
545
283
545
285
543
289
537
292
540
291
537
292
535
294
536
295
532
298
533
296
529
301
530
300
526
302
526
305
529
304
531
302
528
306
524
312
522
315
521
314
519
314
515
317
511
321
511
320
509
323
508
323
510
321
511
323
507
328
505
328
504
327
499
329
497
329
496
328
494
328
490
332
489
331
488
330
486
332
489
332
487
332
485
331
482
333
483
334
483
333
480
337
480
335
480
334
475
335
471
338
469
336
469
333
466
332
462
334
462
332
463
331
461
333
458
334
455
335
457
334
456
335
458
334
459
334
457
339
453
342
450
342
450
342
449
345
450
344
450
343
448
345
445
343
445
339
441
341
441
342
442
340
441
342
441
341
439
341
438
343
436
345
437
346
431
352
435
353
434
354
435
357
434
358
433
360
430
361
435
358
430
364
428
366
426
366
426
364
428
362
425
365
423
364
421
367
422
368
420
371
421
370
421
370
421
368
417
370
413
372
407
375
404
376
404
380
403
378
404
377
403
375
402
378
404
376
404
376
402
378
402
377
398
377
397
380
398
378
394
381
393
376
391
379
393
378
390
378
386
383
385
385
385
386
384
387
384
389
384
387
384
387
381
390
384
389
382
393
382
391
381
393
